(ABRUZZO,1052049,509116,542933,68.716385,35.273262,63.79428,0.9324554)
(TRENTINO-ALTO ADIGE,792504,387839,404665,72.23762,53.332657,45.673256,0.99408543)
(MARCHE,1189181,574341,614840,72.84283,44.533978,54.577118,0.8889063)
(SICILIA,4013248,1915609,2097639,56.60876,28.154543,70.90463,0.9408192)
(LAZIO,4402145,2097786,2304359,69.16339,36.416653,62.876934,0.7064141)
(PIEMONTE,3396378,1633247,1763131,72.037445,43.10968,55.945606,0.9447149)
(CALABRIA,1549305,747248,802057,54.410976,32.675163,66.39932,0.9255129)
(LOMBARDIA,7480375,3616467,3863908,74.2277,44.177067,55.077976,0.7449604)
(FRIULI-VENEZIA GIULIA,952494,457538,494956,72.51668,38.70717,60.48121,0.8116204)
(MOLISE,256600,124778,131822,63.927513,38.82942,60.18605,0.984528)
(LIGURIA,1241469,585208,656261,69.73641,39.58055,59.575333,0.8441177)
(EMILIA-ROMAGNA,3326910,1605036,1721874,75.93323,49.97502,49.203438,0.8215404)
(UMBRIA,675404,324409,350995,73.47454,48.41451,50.749622,0.835869)
(SARDEGNA,1375735,668772,706963,62.450836,27.617737,71.79017,0.5920913)
(CAMPANIA,4566905,2190203,2376702,58.88167,31.22611,67.97026,0.80362356)
(VALLE D'AOSTA,99735,48701,51034,71.907555,42.62309,55.936527,1.4403838)
(TOSCANA,2854129,1364774,1489355,74.45539,52.03489,47.058025,0.9070832)
(PUGLIA,3280712,1571599,1709113,61.713768,32.566303,66.60768,0.82601887)
(BASILICATA,467000,227236,239764,62.85782,33.699657,65.09406,1.2062845)
(VENETO,3717357,1803312,1914045,76.66635,37.7691,61.49542,0.7354835)
